%YAML:1.0
---
cameraMatrix: !!opencv-matrix
   rows: 3
   cols: 3
   dt: d
   data: [ 2.7972204592700446e+03, 0., 1.3839650132662975e+03, 0.,
       2.7881887107568705e+03, 1.0170357429812043e+03, 0., 0., 1. ]
distCoeffs: !!opencv-matrix
   rows: 5
   cols: 1
   dt: d
   data: [ -5.4118572293241768e-03, 3.2755286535983724e-01,
       -7.1528766047735341e-03, -1.8818289377891380e-02,
       -1.2993284402079364e+00 ]
